-1 -1 -1 -1 -1 -1 -1 -1 -1 -1 -1 -1 -1 -1 -1 -1 -1 -1 -1 -1 -1 -1 -1 -1 -1 -1 -1 -1 -1 -1 -1 -1 -1 -1 -1 -1
11 00 00 00 00 00 00 00 -2 02 02 02 02 02 02 02 -2 03 03 03 03 03 03 03 03 -2 00 00 00 00 00 00 00 00 00 -1
-1 06 06 06 06 06 06 00 -2 02 08 08 08 08 08 02 -2 03 04 04 04 04 04 04 03 -2 00 08 08 00 00 00 04 04 00 -1
-1 00 00 00 00 00 00 00 -2 02 08 02 08 02 08 02 -2 03 04 03 03 03 03 04 03 -2 00 08 00 00 00 00 00 04 00 -1
-1 00 06 06 06 06 06 00 -2 02 08 02 08 02 08 02 -2 03 04 04 04 04 03 04 03 -2 00 08 00 00 00 00 00 04 00 -1
-1 00 06 00 00 00 00 00 -2 02 08 02 08 02 08 02 -2 03 03 03 03 04 03 03 03 -2 00 00 00 -6 -8 00 00 00 00 -1
-1 00 06 00 06 06 06 06 -2 02 02 02 08 02 08 02 10 03 03 04 03 04 04 04 04 -2 00 00 00 -7 -9 00 00 00 00 -1
-1 00 06 00 00 00 00 00 05 02 08 08 08 02 02 02 -2 03 03 04 03 03 03 03 03 -2 00 00 00 00 00 00 00 00 00 -1
-1 00 06 00 00 06 06 06 -2 02 02 02 08 02 02 02 -2 03 04 04 04 04 04 03 03 -2 00 00 00 00 00 00 00 06 00 -1
-1 00 00 00 00 06 00 00 -2 02 08 02 02 02 02 02 -2 03 03 04 03 03 03 03 03 -2 00 -3 00 00 00 00 00 06 00 -1
-1 00 06 06 06 06 00 00 -2 02 08 08 08 08 08 02 -2 03 03 04 03 04 04 04 04 -2 00 00 00 00 00 00 00 00 00 -1
-1 00 00 00 00 00 00 00 -2 02 02 02 02 02 02 02 -2 03 03 03 03 03 03 03 03 15 00 00 00 -6 -8 00 00 00 00 -1
-1 -2 -2 -2 -2 -2 -2 -2 -2 -2 -2 -2 -2 -2 -2 -2 -2 -2 -2 -2 -2 -2 -2 -2 -2 -2 00 00 00 -7 -9 00 00 00 00 -1
-1 00 00 00 00 00 00 00 00 00 00 00 00 00 00 00 00 00 00 00 00 00 00 00 00 00 00 00 00 00 00 00 00 04 00 -1
-1 00 -6 -8 00 -11 -13 -11 -13 00 00 00 00 -11 -13 -11 -13 -6 -8 00 -15 -17 00 -15 -17 00 00 -3 00 00 00 00 00 04 00 -1
-1 00 -7 -9 00 -12 -14 -12 -14 00 00 00 00 -12 -14 -12 -14 -7 -9 00 -16 -18 00 -16 -18 00 00 00 00 00 00 00 04 04 00 -1
-1 00 00 00 00 00 00 00 00 00 00 00 00 00 00 00 00 00 00 00 00 00 00 00 00 00 00 00 00 00 00 00 00 00 00 -1
-1 -1 -1 -1 -1 -1 -1 -1 -1 -1 -1 -1 -1 -1 -1 -1 -1 -1 -1 -1 -1 -1 -1 -1 -1 -1 -1 -1 -1 -1 -1 -1 -1 -1 -1 -1